c_map_density = 1/255*[...
    99 103 107 % grey
    16 107 184 % blue
    241 212 53 % yellow
    213 0 0]; % red

c_map_tracer = 1/255*[...
    255 255 255 % white
    16 107 184 % blue
    241 212 53 % yellow
    241 212 53
    241 212 53
    213 0 0 % red
    213 0 0
    213 0 0
    213 0 0
    213 0 0
    130 0 0 % dark red
    130 0 0
    130 0 0
    130 0 0
    130 0 0];

c_map_vel = 1/255*[...
    255 255 255 % white
    146 190 232 % light light blue
    16 107 184 % blue
    16 107 184 % blue
    16 145 91 % green
    16 145 91
    241 212 53 % yellow
    241 212 53
    213 91 34 % orange
    213 91 34
    213 0 0 % red
    213 0 0
    213 0 0
    213 0 0
    213 0 0
    130 0 0 % dark red
    130 0 0
    130 0 0
    130 0 0
    130 0 0];
